free_thresh: 0.196
image: currentMap.pgm
negate: 0
occupied_thresh: 0.65
origin: [9.600000000000009, 2.200000000000003, 0.0]
resolution: 0.05
