image: Povo1_floor1_slam.pgm
resolution: 0.050000
origin: [22.000000, 4.400000, 0.000000]
negate: 0
occupied_thresh: 0.65
free_thresh: 0.196

